400 798
0 33 363 xzyuhzgg
1 339 366 yyndhyci
2 165 70 ivpcygbh
3 50 313 lxdixhge
4 3 52 vandtkxi
5 196 220 hvtwzrif
6 302 389 wlsnjcua
7 205 185 fgshzuzy
8 192 294 ojmiojpf
9 7 105 oyyqujcv
10 367 158 uvikcmdc
11 135 232 arwwghol
12 129 11 nwvhynad
13 106 64 ecrzpyuw
14 204 180 uqtjnbxc
15 31 48 efrydjne
16 54 106 kkinvrxq
17 174 8 gwkamakb
18 139 112 kyjxgzrv
19 197 372 lnarrmlk
20 301 212 ybzsmxkb
21 244 147 qbbegyef
22 118 361 trkshemv
23 222 99 tdfqrrvf
24 121 146 htrfpzej
25 128 330 ijfxbgaw
26 294 29 egfxkmmq
27 158 307 jsbihwxd
28 140 378 qcgohdmn
29 233 227 mctvztzi
30 328 55 thvfofvm
31 157 248 swlnjxnk
32 284 169 nwdmmjix
33 262 173 nsecyyop
34 27 345 kvdttvzt
35 354 28 fulndnym
36 305 265 rnpwiekq
37 257 225 oamyuerw
38 304 385 digqdkri
39 154 214 erpqpazh
40 53 298 wiyedvww
41 328 256 zzsmzxyd
42 216 85 uybhryuf
43 321 53 ufkapxtf
44 306 217 ghojhggx
45 326 201 eqxlwlsa
46 25 120 kkgxrugj
47 182 36 nqohpade
48 151 205 oejrehcb
49 158 305 yaltdmnt
50 393 149 kzanracc
51 363 277 krvdnnxj
52 179 359 gogrpilt
53 256 314 fwdrpbhk
54 177 208 buihbnfb
55 355 40 oywcggqk
56 232 111 awfodrtg
57 161 303 qekvvsmn
58 42 330 btsmjgac
59 2 147 bdyjflfb
60 361 75 kvnpwlsg
61 375 196 zrmljcri
62 371 315 tmkfhych
63 64 248 hbbgfajc
64 155 122 ghmebmik
65 394 168 odkhlfmc
66 8 136 cwgjcimh
67 38 212 dcjporlc
68 103 274 iehrrngi
69 4 259 mkwncllp
70 204 76 jlftbdns
71 366 140 wnbrwykx
72 246 343 taepljpz
73 1 314 qhsxwbga
74 320 192 nzjxzjgq
75 278 399 mzqrhavx
76 211 37 hdifzvwd
77 0 168 thqzwenf
78 313 4 hzrbfpux
79 205 153 pojeeusk
80 188 290 aafvfhxh
81 111 197 mumtsqvt
82 269 277 bbzygjyi
83 261 315 muxnqkla
84 113 111 ttcxxqyh
85 370 368 oazwwhdb
86 118 23 tniugzgh
87 335 310 zfdyrbuq
88 3 134 odmmopop
89 204 310 trzpepnw
90 61 170 cxrcgtxr
91 129 15 otizurhh
92 133 26 hhcrmemu
93 195 298 jvccorrn
94 335 199 yilfdsgg
95 291 393 rvhbzsop
96 222 171 pamcpoun
97 384 332 mxdswaac
98 219 18 sbtnspqd
99 28 80 djpxwyhy
100 165 1 zoysrsxf
101 140 37 qarluwwc
102 290 263 vncwgusd
103 169 234 pbtqkkla
104 99 222 egixvjme
105 4 278 yizpysvd
106 213 158 yhyurglz
107 183 182 xlwjzqvz
108 356 47 yodvtfaw
109 390 78 wupakzzo
110 298 328 djlwclch
111 148 30 mteqkber
112 53 73 jyngzcpx
113 385 179 hhubwtki
114 343 65 ekvvnoed
115 289 182 qjxitbec
116 295 109 twjmsoje
117 136 85 bpoygofd
118 341 270 vyylpasc
119 322 28 wddjjrkz
120 74 198 lsutfsdc
121 159 32 lpdtmboo
122 333 190 hxkgomcw
123 187 328 eldoeojb
124 114 119 yrapsicd
125 92 136 dwcfalnc
126 222 379 aclrkuhz
127 20 395 wvigkrob
128 6 367 mqxkulme
129 103 76 erqknwsk
130 260 200 gpcmxbpr
131 118 369 oukyqehy
132 363 86 tumyykzx
133 57 341 vpzerzri
134 290 161 yrmvjgye
135 188 0 gymavvvv
136 380 47 zdjvcvqp
137 336 374 prlvtbks
138 9 320 scatxhkq
139 370 169 bmbgiwbo
140 37 310 oceqgewf
141 329 11 llnwovmv
142 366 36 rjpkbxty
143 345 116 phthexmh
144 387 241 dpbzmnvn
145 228 11 iwvdpuas
146 391 377 irrnshno
147 352 229 qkuwkmcy
148 197 241 uuzeodak
149 196 344 sxsmrivq
150 206 165 ytxsuutv
151 140 203 mcnirghv
152 78 367 vmqghqeg
153 12 92 odhcnwpz
154 124 166 zagqmglc
155 224 173 tnkrkprw
156 48 1 dunavgjt
157 258 12 yqwdnvuj
158 239 70 dyhsmdct
159 197 125 zwmmhdsh
160 257 276 qdjzfdms
161 302 390 ksfpjgkp
162 228 121 mlyhzgat
163 387 55 pbkzierk
164 313 353 fhlbjsne
165 332 387 ykhlsjql
166 44 140 mvxxeaot
167 37 208 raogvfyd
168 338 186 spgkzevv
169 229 135 jjziwdca
170 283 293 qzewrxid
171 73 56 dcxyrjmt
172 166 139 tjxwjtvo
173 122 334 fvtxhwrc
174 36 311 ssjobvox
175 157 250 fvxheolg
176 52 171 gejsutxh
177 393 47 hfprsezt
178 14 204 lxpsvkhb
179 19 185 iquwrmlw
180 187 346 ruzakojc
181 181 282 pkyfykke
182 273 187 hgormadx
183 141 259 tedwkabj
184 141 51 pbyosrkd
185 289 187 subyzkru
186 169 209 uodiwayz
187 225 111 tpshfbke
188 157 57 rtkfeyxu
189 133 294 pjnlmppm
190 1 297 ufusjbqh
191 69 160 fxyboenz
192 273 27 pfuqiebv
193 215 11 stwlktfv
194 89 358 nzwtdecg
195 323 305 ybgqdjfx
196 256 65 lhbgurdz
197 339 17 bbvvsbgk
198 1 357 amwbgvxg
199 38 8 xxbhkbew
200 163 62 iwuetoba
201 68 316 scaduknw
202 267 46 edqdnqww
203 395 101 vxwffled
204 184 46 nnlosjbb
205 199 184 tpfbuvbr
206 188 194 qilgsvae
207 241 97 cenikdsf
208 122 279 gcquehcd
209 398 125 wtupmpqw
210 250 251 ymuhxalb
211 376 370 nlwdyvys
212 362 201 nczeuwfn
213 27 219 ctevkhli
214 383 352 pzztbkbf
215 53 243 ybpniteu
216 361 192 sfwooayt
217 320 269 yfubirsu
218 324 64 allqpzrh
219 236 398 uqyyttna
220 106 254 vojwckji
221 229 104 anoawphh
222 358 132 rhvtfkzs
223 68 3 hxpvrtnt
224 4 3 rrdlwugl
225 385 250 narrmeor
226 309 303 ezhtbguw
227 278 80 xnykbabd
228 286 183 qhjnptgx
229 175 189 zstlkuzf
230 191 319 hjaffjxm
231 126 312 qoecukxl
232 209 76 fnwygnxp
233 251 355 gvnlfsqu
234 265 283 gpixpigg
235 312 174 yeyadext
236 153 110 enakcmgw
237 114 345 vevgcymw
238 278 84 rgivktsd
239 115 73 ngrowohd
240 36 164 zertfaat
241 373 86 wjhybrtv
242 77 150 bzqwqivx
243 113 239 zpgqmgnt
244 128 302 etlgrrlg
245 166 74 uwhhralp
246 54 197 djfockvp
247 21 60 abrdkajl
248 320 310 otbhytae
249 328 1 pceuoath
250 45 386 yjpiiiob
251 339 153 lmaghdkb
252 360 241 htcurtlr
253 18 303 bsfauelt
254 365 6 qxfuwgtx
255 274 295 zxujuxcy
256 156 157 znddveln
257 253 228 dhiikqvu
258 198 387 sryogpcw
259 365 355 sdhudrgo
260 53 274 ujktkhia
261 257 199 upvxiyys
262 8 344 admnmidg
263 397 338 dfmuwfsf
264 27 19 kgjjecko
265 251 12 szngsqsw
266 21 299 seeixtwd
267 80 211 kiqfdsus
268 395 380 ozwqwrxr
269 122 256 kthykwng
270 338 190 uiidqspy
271 5 18 yvqdssyo
272 354 51 isakagby
273 29 185 afcwuazo
274 5 12 wrsgdccz
275 349 384 vmdxhofl
276 207 264 vudvarse
277 118 216 imgbowgf
278 216 330 nrdjmdjq
279 283 126 rkfhruzu
280 340 214 getuwqtm
281 25 360 mbxolhtl
282 52 360 wmslmtlc
283 196 113 zaxgrzcd
284 166 370 pbgahsnn
285 29 62 ledywgvi
286 231 16 qhzienmz
287 176 60 oypouwbi
288 200 232 ndizeahu
289 297 136 xjbrvjco
290 222 339 ejmobjno
291 278 155 zvqrpbbh
292 355 3 svbqjefj
293 104 192 jyewqinn
294 315 145 ufzgzeyu
295 291 292 kwhgeszm
296 369 132 mgfbsagj
297 197 56 wgckjfpt
298 159 239 fxrxgatm
299 355 389 vcohiabl
300 124 103 ojyurxqd
301 383 222 njsxzzfq
302 304 367 ypcnnspn
303 278 251 jycbyiii
304 36 339 tsrlpfrl
305 86 39 akolxxbe
306 292 318 bxjqjfcv
307 140 343 svmjrotx
308 6 136 yqxofbks
309 187 68 kltqvjfb
310 68 287 ynljyymq
311 233 264 dzpnscrl
312 324 368 sqmomymt
313 19 370 jrrxzyou
314 330 258 rchqktcl
315 241 373 ildjkybo
316 195 16 kwqolcmd
317 148 163 drmcahsd
318 370 1 itbnkbew
319 252 49 offzmeyr
320 120 102 kttifwvv
321 214 344 yjeztdam
322 60 383 wtlkgxlb
323 131 88 sxgxcaou
324 378 378 hrxqtdkf
325 20 8 pjzrfduj
326 136 265 yfgqbdho
327 0 14 gltqfcfm
328 83 190 vvbwsbut
329 152 23 cykvfljy
330 376 22 jspgdjba
331 82 116 uvsredek
332 286 48 rwgydlkl
333 337 290 uifzywvv
334 49 73 neywsxdh
335 166 308 efuayqul
336 282 373 fbusjmgi
337 224 303 vuotxokk
338 265 395 iggqpknc
339 382 130 yozvjftf
340 277 381 vitdjhkw
341 149 319 qypuloca
342 26 115 dskvsgrp
343 126 235 ktyofdkp
344 129 179 iszwjpto
345 183 334 qqzfxfvu
346 77 335 eoktmcvd
347 313 6 ywstbafb
348 305 76 bmicgcza
349 9 255 zzwtetiy
350 224 330 zrpxrvcx
351 312 55 bqgkoxzk
352 92 164 qdecpjhs
353 69 177 ieljkwei
354 48 70 pravfsnh
355 387 313 tihjwpzh
356 217 198 xfjifdly
357 101 318 gzkpwpoa
358 47 193 unpndofv
359 101 369 snjsblll
360 49 227 fyhhrgmr
361 84 281 xxgzcgaz
362 350 34 wizfsvzh
363 331 272 fclroobb
364 32 167 qqrruwdr
365 224 189 jtoqtomi
366 195 394 vbmeawem
367 277 79 sruhjmny
368 324 73 lehduhdj
369 123 98 hfthirwk
370 68 388 mrdktpqa
371 356 113 ggmastsl
372 28 56 kcaovnnw
373 117 57 ngqvjrzx
374 282 391 qgvmfcjr
375 106 118 lzpyofpc
376 137 288 fcuavgxt
377 339 380 zszenniw
378 79 352 hbmzlopk
379 364 100 qkjpjkig
380 143 325 lqrmehsr
381 59 321 yhskzwvu
382 143 363 sijlhlcs
383 258 30 yrylgshl
384 197 213 mfkskxjr
385 101 70 cqbtuncb
386 74 57 anjxubrv
387 277 255 mzqkmakb
388 320 280 dcwqduax
389 139 195 lrbduuih
390 288 216 vtdqkfwc
391 320 221 udtlepce
392 108 257 wunwbjde
393 57 317 qtjegsiy
394 227 368 mvhavqyz
395 224 312 fiwryech
396 34 139 insakbvl
397 381 383 tpibkqra
398 200 370 qbtnxuss
399 147 217 bflgbubu
0 1
151 30
1 2
153 53
2 3
155 326
3 4
305 42
4 5
349 90
5 6
135 205
6 7
126 238
7 8
383 314
8 9
170 220
9 10
147 273
10 11
193 181
11 12
245 310
12 13
11 103
13 14
287 351
14 15
283 135
15 16
1 243
16 17
183 72
17 18
147 86
18 19
373 109
19 20
327 134
20 21
321 146
21 22
309 165
22 23
253 344
23 24
222 295
24 25
371 239
25 26
29 280
26 27
14 151
27 28
194 7
28 29
148 77
29 30
145 92
30 31
69 10
31 32
157 181
32 33
72 123
33 34
386 17
34 35
263 249
35 36
185 150
36 37
60 246
37 38
89 309
38 39
150 109
39 40
14 394
40 41
285 333
41 42
282 40
42 43
91 177
43 44
331 355
44 45
310 197
45 46
171 225
46 47
343 174
47 48
364 392
48 49
239 305
49 50
73 56
50 51
170 25
51 52
336 319
52 53
349 154
53 54
240 390
54 55
317 323
55 56
172 305
56 57
364 47
57 58
45 16
58 59
19 340
59 60
313 190
60 61
64 114
61 62
170 89
62 63
147 92
63 64
126 121
64 65
371 167
65 66
125 206
66 67
137 126
67 68
194 374
68 69
160 258
69 70
133 291
70 71
18 82
71 72
234 136
72 73
341 147
73 74
170 211
74 75
63 319
75 76
290 63
76 77
32 153
77 78
328 110
78 79
185 346
79 80
386 341
80 81
328 104
81 82
208 275
82 83
124 70
83 84
200 161
84 85
180 288
85 86
19 293
86 87
39 353
87 88
149 317
88 89
47 132
89 90
356 210
90 91
88 64
91 92
270 170
92 93
290 252
93 94
113 375
94 95
13 176
95 96
312 203
96 97
4 96
97 98
358 345
98 99
125 18
99 100
280 182
100 101
84 377
101 102
6 197
102 103
238 9
103 104
366 158
104 105
367 397
105 106
367 399
106 107
232 361
107 108
324 389
108 109
357 254
109 110
17 144
110 111
79 199
111 112
224 279
112 113
397 313
113 114
322 369
114 115
134 256
115 116
58 201
116 117
224 15
117 118
250 13
118 119
55 192
119 120
276 120
120 121
395 297
121 122
14 27
122 123
88 313
123 124
381 262
124 125
277 117
125 126
307 82
126 127
304 276
127 128
88 295
128 129
232 399
129 130
73 381
130 131
144 48
131 132
103 257
132 133
228 310
133 134
233 342
134 135
101 365
135 136
326 201
136 137
279 325
137 138
261 88
138 139
18 398
139 140
30 146
140 141
97 226
141 142
323 197
142 143
19 0
143 144
145 104
144 145
171 47
145 146
237 47
146 147
53 146
147 148
84 99
148 149
191 275
149 150
96 266
150 151
345 330
151 152
389 62
152 153
202 91
153 154
23 343
154 155
368 8
155 156
49 319
156 157
85 75
157 158
60 100
158 159
105 35
159 160
265 376
160 161
91 67
161 162
98 264
162 163
157 85
163 164
266 388
164 165
236 263
165 166
10 115
166 167
245 268
167 168
111 53
168 169
184 88
169 170
296 378
170 171
26 359
171 172
221 2
172 173
32 97
173 174
217 248
174 175
354 339
175 176
321 165
176 177
61 199
177 178
188 281
178 179
323 312
179 180
33 378
180 181
283 152
181 182
82 329
182 183
265 236
183 184
340 348
184 185
344 70
185 186
12 34
186 187
314 203
187 188
168 256
188 189
238 88
189 190
71 27
190 191
17 184
191 192
56 44
192 193
248 262
193 194
174 292
194 195
385 396
195 196
175 42
196 197
393 55
197 198
340 327
198 199
264 209
199 200
340 335
200 201
111 385
201 202
101 320
202 203
219 354
203 204
155 48
204 205
126 293
205 206
176 166
206 207
360 314
207 208
141 91
208 209
96 140
209 210
203 138
210 211
126 335
211 212
76 218
212 213
130 314
213 214
60 213
214 215
258 370
215 216
14 396
216 217
386 357
217 218
39 391
218 219
340 349
219 220
332 86
220 221
172 170
221 222
97 18
222 223
167 336
223 224
160 350
224 225
300 373
225 226
344 366
226 227
22 17
227 228
384 176
228 229
293 115
229 230
356 222
230 231
154 87
231 232
146 113
232 233
7 366
233 234
86 135
234 235
241 91
235 236
309 360
236 237
135 11
237 238
308 89
238 239
113 146
239 240
48 212
240 241
320 12
241 242
183 240
242 243
34 274
243 244
370 304
244 245
142 277
245 246
25 330
246 247
129 40
247 248
191 315
248 249
164 325
249 250
278 291
250 251
89 363
251 252
379 332
252 253
59 380
253 254
101 133
254 255
150 184
255 256
173 26
256 257
178 204
257 258
268 81
258 259
234 289
259 260
58 1
260 261
125 53
261 262
102 68
262 263
73 364
263 264
372 376
264 265
237 168
265 266
137 12
266 267
72 380
267 268
390 199
268 269
39 304
269 270
256 287
270 271
248 184
271 272
342 46
272 273
72 112
273 274
218 133
274 275
169 318
275 276
239 312
276 277
205 278
277 278
118 340
278 279
130 346
279 280
353 230
280 281
121 242
281 282
84 370
282 283
310 208
283 284
271 207
284 285
247 186
285 286
385 161
286 287
249 378
287 288
396 28
288 289
375 198
289 290
166 59
290 291
8 391
291 292
329 218
292 293
125 187
293 294
357 325
294 295
223 122
295 296
359 257
296 297
76 126
297 298
281 296
298 299
365 164
299 300
12 169
300 301
26 47
301 302
114 132
302 303
186 262
303 304
60 131
304 305
132 199
305 306
82 358
306 307
273 398
307 308
224 317
308 309
298 120
309 310
143 192
310 311
209 131
311 312
227 23
312 313
29 279
313 314
381 176
314 315
134 232
315 316
101 10
316 317
316 337
317 318
95 81
318 319
301 195
319 320
56 64
320 321
6 352
321 322
34 310
322 323
349 160
323 324
9 102
324 325
129 112
325 326
46 190
326 327
89 190
327 328
197 102
328 329
257 314
329 330
210 218
330 331
379 92
331 332
50 89
332 333
300 180
333 334
51 146
334 335
339 73
335 336
14 209
336 337
177 251
337 338
121 190
338 339
181 110
339 340
127 332
340 341
129 294
341 342
239 345
342 343
393 193
343 344
158 43
344 345
397 241
345 346
253 136
346 347
133 96
347 348
201 202
348 349
86 59
349 350
395 337
350 351
142 15
351 352
78 306
352 353
364 245
353 354
284 159
354 355
356 103
355 356
166 178
356 357
37 287
357 358
157 58
358 359
227 260
359 360
317 340
360 361
279 105
361 362
0 188
362 363
350 210
363 364
164 228
364 365
185 267
365 366
162 103
366 367
15 237
367 368
359 242
368 369
219 169
369 370
381 395
370 371
193 107
371 372
25 272
372 373
333 158
373 374
323 92
374 375
56 255
375 376
336 367
376 377
261 204
377 378
336 168
378 379
303 51
379 380
264 395
380 381
17 390
381 382
98 126
382 383
279 218
383 384
25 126
384 385
340 322
385 386
353 386
386 387
153 89
387 388
92 378
388 389
230 23
389 390
157 214
390 391
345 200
391 392
136 344
392 393
251 182
393 394
208 252
394 395
338 258
395 396
349 373
396 397
141 192
397 398
217 78
398 399
185 222
399 400
323 324