81 82
0 3030 5121 Kýrklareli
1 2956 5112 Edirne
2 3062 5009 Tekirdað
3 3225 5013 Ýstanbul
4 3326 4990 Kocaeli
5 3259 4961 Yalova
6 3235 4893 Bursa
7 3104 4815 Balýkesir
8 2939 4887 Çanakkale
9 3021 4639 Ýzmir
10 3099 4556 Aydýn
11 3157 4469 Muðla
12 3053 4666 Manisa
13 3337 4782 Kütahya
14 3273 4675 Uþak
15 3238 4548 Denizli
16 3371 4539 Burdur
17 3383 4978 Sakarya
18 3469 4988 Düzce
19 3538 5079 Zonguldak
20 3337 4886 Bilecik
21 3398 4832 Eskiþehir
22 3399 4686 Afyon
23 3401 4545 Isparta
24 3418 4424 Antalya
25 3617 4561 Konya
26 3657 4856 Ankara
27 3518 4972 Bolu
28 3599 5106 Bartýn
29 3631 5041 Karabük
30 3742 4953 Çankýrý
31 3730 4842 Kýrýkkale
32 3802 4742 Kýrþehir
33 3788 4631 Aksaray
34 3864 4668 Nevþehir
35 3860 4575 Niðde
36 3698 4464 Karaman
37 3856 4412 Mersin
38 3759 5068 Kastamonu
39 3913 5165 Sinop
40 3891 4946 Çorum
41 3874 4839 Yozgat
42 3949 4681 Kayseri
43 3933 4437 Adana
44 4025 4328 Hatay
45 4131 4399 Kilis
46 4034 4449 Osmaniye
47 4160 4448 Gaziantep
48 4318 4462 Þanlýurfa
49 4110 4519 Kahramanmaraþ
50 4261 4546 Adýyaman
51 4267 4629 Malatya
52 4120 4829 Sivas
53 4068 4913 Tokat
54 3989 4961 Amasya
55 4044 5053 Samsun
56 4216 5010 Ordu
57 4273 5000 Giresun
58 4421 5012 Trabzon
59 4510 5016 Rize
60 4655 5039 Artvin
61 4753 5029 Ardahan
62 4593 4852 Erzurum
63 4478 4903 Bayburt
64 4394 4933 Gümüþhane
65 4396 4829 Erzincan
66 4402 4736 Tunceli
67 4366 4675 Elazýð
68 4508 4705 Bingöl
69 4476 4568 Diyarbakýr
70 4534 4482 Mardin
71 4797 4953 Kars
72 4578 4563 Batman
73 4668 4569 Siirt
74 4725 4511 Þýrnak
75 4868 4519 Hakkari
76 4828 4650 Van
77 4687 4636 Bitlis
78 4618 4683 Muþ
79 4792 4825 Aðrý
80 4902 4854 Iðdýr
0 1
1 2
2 3
3 4
4 5
5 6
6 7
7 8
8 9
9 10
10 11
11 12
12 13
13 14
14 15
15 16
16 17
17 18
18 19
19 20
20 21
21 22
22 23
23 24
24 25
25 26
26 27
27 28
28 29
29 30
30 31
31 32
32 33
33 34
34 35
35 36
36 37
37 38
38 39
39 40
40 41
41 42
42 43
43 44
44 45
45 46
46 47
47 48
48 49
49 50
50 51
51 52
52 53
53 54
54 55
55 56
56 57
57 58
58 59
59 60
60 61
61 62
62 63
63 64
64 65
65 66
66 67
67 68
68 69
69 70
70 71
71 72
72 73
73 74
74 75
75 76
76 77
77 78
78 79
79 80
80 0
78 69